120 261
124 294
129 326
133 358
142 388
162 412
190 430
220 445
253 449
287 447
317 432
344 411
362 385
370 354
375 322
382 291
385 258
142 225
161 209
188 204
215 208
242 218
269 218
296 208
324 206
351 213
369 231
256 244
256 264
256 284
256 305
232 324
244 328
256 332
267 329
277 325
172 252
186 243
203 243
218 253
203 257
186 257
290 254
305 244
322 246
336 255
322 260
305 259
210 368
229 358
245 352
256 354
267 352
283 358
300 368
284 382
268 388
255 389
244 388
228 381
220 368
245 363
256 364
267 364
290 368
267 370
255 372
244 371
